   1.1500000e+02   5.7000000e+01   9.9100000e+02  -2.9300000e-02
   1.1300000e+02   5.9000000e+01   9.5900000e+02  -8.3000000e-02
   1.1200000e+02   5.9000000e+01   9.5700000e+02   7.3200000e-02
   1.1200000e+02   5.8000000e+01   9.6600000e+02   1.5630000e-01
   1.1200000e+02   5.8000000e+01   9.7300000e+02  -8.5400000e-02
   1.1000000e+02   5.9000000e+01   9.4000000e+02   9.8000000e-03
   1.1200000e+02   6.0000000e+01   9.5200000e+02   1.7330000e-01
   1.1500000e+02   6.1000000e+01   9.8600000e+02  -3.9100000e-02
   1.1900000e+02   6.4000000e+01   9.4500000e+02  -9.2800000e-02
   1.2100000e+02   6.6000000e+01   9.4700000e+02   6.8400000e-02
   1.2400000e+02   6.5000000e+01   9.8300000e+02   1.3310000e-01
   1.2700000e+02   6.4000000e+01   9.9800000e+02  -6.8400000e-02
   1.2500000e+02   6.5000000e+01   9.8200000e+02  -2.2000000e-02
   1.2300000e+02   6.2000000e+01   9.9500000e+02   1.8920000e-01
   1.2300000e+02   5.9000000e+01   1.0160000e+03  -7.3200000e-02
   1.1900000e+02   5.9000000e+01   9.8500000e+02  -1.4040000e-01
   1.1500000e+02   5.8000000e+01   9.8600000e+02   1.9160000e-01
   1.1500000e+02   5.7000000e+01   9.9600000e+02   9.4000000e-02
   1.1400000e+02   5.6000000e+01   9.8200000e+02  -8.6700000e-02
   1.1100000e+02   5.8000000e+01   9.5900000e+02   3.1700000e-02
   1.1200000e+02   5.9000000e+01   9.7400000e+02   1.7090000e-01
   1.1400000e+02   5.8000000e+01   9.7900000e+02  -5.1300000e-02
   1.1300000e+02   6.0000000e+01   9.5700000e+02  -7.5700000e-02
   1.1200000e+02   6.3000000e+01   9.3500000e+02   8.1800000e-02
   1.1400000e+02   6.1000000e+01   9.5500000e+02   1.3670000e-01
   1.1600000e+02   6.1000000e+01   9.9700000e+02  -5.7400000e-02
   1.1500000e+02   6.1000000e+01   9.6800000e+02  -6.4700000e-02
   1.1200000e+02   6.1000000e+01   9.5700000e+02   1.7460000e-01
   1.1500000e+02   5.9000000e+01   1.0030000e+03   5.6100000e-02
   1.1400000e+02   5.8000000e+01   9.8400000e+02  -9.4000000e-02
   1.1000000e+02   6.0000000e+01   9.6500000e+02   1.8300000e-02
   1.1200000e+02   5.8000000e+01   9.8200000e+02   2.2710000e-01
   1.1300000e+02   5.9000000e+01   1.0030000e+03  -7.5700000e-02
   1.1200000e+02   5.9000000e+01   9.6800000e+02  -8.7900000e-02
   1.0900000e+02   5.9000000e+01   9.5800000e+02   1.0860000e-01
   1.1200000e+02   5.9000000e+01   9.8900000e+02  -1.2000000e-03
   1.1200000e+02   5.8000000e+01   9.8700000e+02  -1.0250000e-01
   1.1100000e+02   5.8000000e+01   9.7600000e+02  -1.3310000e-01
   1.0900000e+02   6.0000000e+01   9.5300000e+02   1.6480000e-01
   1.1300000e+02   6.0000000e+01   9.7100000e+02  -1.4700000e-02
   1.1400000e+02   6.1000000e+01   9.6200000e+02  -6.7100000e-02
   1.1200000e+02   6.2000000e+01   9.5900000e+02   7.0800000e-02
   1.1500000e+02   6.2000000e+01   9.8400000e+02   1.2450000e-01
   1.1600000e+02   6.2000000e+01   9.5100000e+02  -5.1300000e-02
   1.1300000e+02   6.4000000e+01   9.3000000e+02   2.3200000e-02
   1.1400000e+02   6.3000000e+01   9.4000000e+02   2.9910000e-01
   1.1800000e+02   6.3000000e+01   9.7500000e+02   1.5900000e-02
   1.2000000e+02   6.4000000e+01   9.4700000e+02  -1.0380000e-01
   1.1800000e+02   6.5000000e+01   9.2800000e+02   9.8900000e-02
   1.2000000e+02   6.3000000e+01   9.5700000e+02   1.1960000e-01
   1.2000000e+02   6.2000000e+01   9.6200000e+02  -6.4700000e-02
   1.1800000e+02   6.3000000e+01   9.3700000e+02  -2.4000000e-03
   1.1900000e+02   6.2000000e+01   9.5900000e+02   1.9780000e-01
   1.2000000e+02   6.0000000e+01   9.8900000e+02  -6.2300000e-02
   1.1800000e+02   6.0000000e+01   9.6000000e+02  -1.0010000e-01
   1.1400000e+02   6.0000000e+01   9.4800000e+02   1.2700000e-01
   1.1500000e+02   6.0000000e+01   9.6500000e+02  -1.5900000e-02
   1.1600000e+02   6.1000000e+01   9.4300000e+02  -6.5900000e-02
   1.1600000e+02   6.3000000e+01   9.2400000e+02  -6.1000000e-03
   1.1900000e+02   6.5000000e+01   9.3000000e+02   2.0510000e-01
   1.2300000e+02   6.5000000e+01   9.4900000e+02  -2.0800000e-02
   1.2300000e+02   6.6000000e+01   9.3300000e+02  -8.0600000e-02
   1.2100000e+02   6.3000000e+01   9.6900000e+02   7.6900000e-02
   1.2100000e+02   6.2000000e+01   9.9600000e+02   6.7100000e-02
   1.1900000e+02   5.9000000e+01   1.0220000e+03  -8.6700000e-02
   1.1600000e+02   5.9000000e+01   9.8400000e+02  -5.9800000e-02
   1.1200000e+02   5.8000000e+01   9.7200000e+02   1.3790000e-01
   1.1300000e+02   5.6000000e+01   9.8900000e+02   1.9500000e-02
   1.1100000e+02   5.6000000e+01   9.6300000e+02  -7.6900000e-02
   1.0800000e+02   5.8000000e+01   9.5500000e+02   7.8100000e-02
   1.1200000e+02   6.0000000e+01   9.8000000e+02   1.4040000e-01
   1.1800000e+02   6.2000000e+01   9.8300000e+02  -6.2300000e-02
   1.1900000e+02   6.4000000e+01   9.7900000e+02  -6.4700000e-02
   1.2000000e+02   6.3000000e+01   1.0220000e+03   9.2800000e-02
   1.2000000e+02   6.3000000e+01   1.0290000e+03   3.6600000e-02
   1.1900000e+02   6.2000000e+01   1.0170000e+03  -8.0600000e-02
   1.1800000e+02   6.1000000e+01   1.0200000e+03   6.7100000e-02
   1.1700000e+02   5.9000000e+01   1.0310000e+03   9.6400000e-02
   1.1600000e+02   5.7000000e+01   1.0240000e+03  -6.9600000e-02
   1.1300000e+02   5.8000000e+01   9.9500000e+02   1.2000000e-03
   1.1100000e+02   5.9000000e+01   9.7100000e+02   2.2100000e-01
   1.1400000e+02   5.9000000e+01   9.9100000e+02   2.0800000e-02
   1.1400000e+02   5.9000000e+01   9.7700000e+02  -1.1350000e-01
   1.1100000e+02   6.1000000e+01   9.5100000e+02   7.8100000e-02
   1.1400000e+02   6.1000000e+01   9.7900000e+02   1.0740000e-01
   1.1500000e+02   5.9000000e+01   1.0050000e+03  -8.0600000e-02
   1.1200000e+02   5.9000000e+01   1.0000000e+03   4.9000000e-03
   1.1200000e+02   5.9000000e+01   9.8900000e+02   2.2460000e-01
   1.1300000e+02   5.7000000e+01   1.0000000e+03  -6.7100000e-02
   1.1100000e+02   5.9000000e+01   9.5400000e+02  -7.0800000e-02
   1.0900000e+02   6.1000000e+01   9.4500000e+02   1.3310000e-01
   1.1500000e+02   6.3000000e+01   9.6400000e+02   1.1350000e-01
   1.2100000e+02   6.5000000e+01   9.7200000e+02  -9.7700000e-02
   1.2300000e+02   6.7000000e+01   9.4700000e+02   1.7100000e-02
   1.2600000e+02   6.7000000e+01   9.6200000e+02   2.5880000e-01
   1.2900000e+02   6.6000000e+01   9.9300000e+02  -4.4000000e-02
   1.2900000e+02   6.8000000e+01   9.5500000e+02  -1.0740000e-01
   1.2600000e+02   6.8000000e+01   9.5600000e+02   1.6600000e-01
   1.2800000e+02   6.4000000e+01   9.9700000e+02   9.8000000e-03
   1.2600000e+02   6.1000000e+01   1.0230000e+03  -7.3200000e-02
   1.2100000e+02   6.0000000e+01   9.9600000e+02  -2.4400000e-02
   1.1800000e+02   5.7000000e+01   1.0200000e+03   1.6360000e-01
   1.1600000e+02   5.6000000e+01   1.0380000e+03  -3.1700000e-02
   1.1300000e+02   5.5000000e+01   1.0010000e+03  -6.7100000e-02
   1.0900000e+02   5.6000000e+01   1.0030000e+03   8.5400000e-02
   1.1000000e+02   5.6000000e+01   1.0110000e+03   1.0860000e-01
   1.1100000e+02   5.6000000e+01   1.0140000e+03  -7.5700000e-02
   1.1000000e+02   5.8000000e+01   9.8600000e+02  -5.2500000e-02
   1.0900000e+02   6.0000000e+01   9.7600000e+02   1.0860000e-01
   1.1200000e+02   5.9000000e+01   9.9000000e+02   4.1500000e-02
   1.1300000e+02   6.0000000e+01   1.0090000e+03  -9.7700000e-02
   1.1200000e+02   6.2000000e+01   9.7000000e+02  -3.3000000e-02
   1.1200000e+02   6.2000000e+01   9.1900000e+02   4.5530000e-01
   1.1400000e+02   6.4000000e+01   8.6700000e+02   1.1450000e+00
   1.2000000e+02   6.4000000e+01   9.7600000e+02   9.0940000e-01
   1.2700000e+02   6.4000000e+01   1.0390000e+03   1.6600000e-01
   1.3100000e+02   6.6000000e+01   1.0060000e+03  -1.5990000e-01
   1.3100000e+02   6.7000000e+01   9.7300000e+02  -7.9400000e-02
   1.3000000e+02   6.4000000e+01   1.0150000e+03   1.8300000e-02
   1.3100000e+02   6.3000000e+01   1.0130000e+03  -1.0250000e-01
   1.2800000e+02   6.1000000e+01   1.0350000e+03  -1.0010000e-01
   1.2300000e+02   6.0000000e+01   1.0080000e+03  -3.7800000e-02
   1.1900000e+02   5.7000000e+01   1.0240000e+03   3.4200000e-02
   1.1800000e+02   5.8000000e+01   9.9300000e+02  -2.6900000e-02
   1.1600000e+02   6.0000000e+01   9.7200000e+02   7.3000000e-03
   1.1500000e+02   5.9000000e+01   9.9300000e+02   1.1960000e-01
   1.1700000e+02   6.0000000e+01   9.9700000e+02  -1.8300000e-02
   1.1700000e+02   6.1000000e+01   9.8400000e+02  -2.0800000e-02
   1.1400000e+02   6.1000000e+01   9.8500000e+02   5.8600000e-02
   1.1700000e+02   6.0000000e+01   1.0080000e+03   2.0800000e-02
   1.1600000e+02   5.9000000e+01   1.0050000e+03  -3.7800000e-02
   1.1300000e+02   6.0000000e+01   9.8400000e+02   2.5600000e-02
   1.1400000e+02   6.0000000e+01   9.9500000e+02   8.3000000e-02
   1.1500000e+02   6.0000000e+01   9.8800000e+02  -2.3200000e-02
   1.1300000e+02   6.2000000e+01   9.8000000e+02   2.0800000e-02
   1.1400000e+02   6.0000000e+01   1.0120000e+03   2.3560000e-01
   1.1500000e+02   5.8000000e+01   1.0120000e+03  -1.7100000e-02
   1.1300000e+02   5.9000000e+01   9.9700000e+02  -7.0800000e-02
   1.1000000e+02   5.9000000e+01   9.7200000e+02   1.3180000e-01
   1.1200000e+02   5.7000000e+01   9.9800000e+02   2.9300000e-02
   1.1200000e+02   5.7000000e+01   9.8300000e+02  -6.4700000e-02
   1.0800000e+02   5.8000000e+01   9.8500000e+02   3.4200000e-02
   1.0900000e+02   5.7000000e+01   9.8300000e+02   1.5380000e-01
   1.1100000e+02   5.7000000e+01   9.8800000e+02  -8.6700000e-02
   1.0800000e+02   5.8000000e+01   9.5000000e+02  -4.8800000e-02
   1.0900000e+02   5.9000000e+01   9.4800000e+02   1.9160000e-01
   1.1100000e+02   5.9000000e+01   9.6300000e+02  -6.1000000e-03
   1.1100000e+02   6.1000000e+01   9.6000000e+02  -6.2300000e-02
   1.1000000e+02   6.1000000e+01   9.4900000e+02   1.2200000e-02
   1.1100000e+02   6.3000000e+01   9.2400000e+02   2.1480000e-01
   1.1500000e+02   6.3000000e+01   9.5600000e+02   4.7600000e-02
   1.1800000e+02   6.4000000e+01   9.5200000e+02  -6.8400000e-02
   1.1800000e+02   6.5000000e+01   9.4400000e+02   6.3500000e-02
   1.2000000e+02   6.3000000e+01   9.9000000e+02   1.9650000e-01
   1.2300000e+02   6.1000000e+01   1.0280000e+03  -6.4700000e-02
   1.2100000e+02   6.2000000e+01   9.9500000e+02  -5.6100000e-02
   1.1700000e+02   6.3000000e+01   9.4900000e+02   2.0630000e-01
   1.1800000e+02   6.1000000e+01   9.7300000e+02   4.5040000e-01
   1.2000000e+02   5.9000000e+01   9.8700000e+02   3.5400000e-02
   1.1700000e+02   5.9000000e+01   9.8400000e+02  -1.2210000e-01
   1.1500000e+02   6.0000000e+01   9.6300000e+02   9.8000000e-03
   1.1600000e+02   5.8000000e+01   1.0000000e+03   6.9600000e-02
   1.1600000e+02   5.8000000e+01   1.0280000e+03  -6.4700000e-02
   1.1700000e+02   6.0000000e+01   9.9300000e+02  -5.2500000e-02
   1.1600000e+02   6.0000000e+01   9.7900000e+02   5.9800000e-02
   1.1700000e+02   6.1000000e+01   1.0020000e+03   3.3000000e-02
   1.2000000e+02   6.3000000e+01   1.0200000e+03  -3.1700000e-02
   1.2400000e+02   6.6000000e+01   9.8600000e+02  -1.4700000e-02
   1.2600000e+02   6.7000000e+01   9.9800000e+02   1.5870000e-01
   1.3100000e+02   6.7000000e+01   1.0390000e+03  -1.7100000e-02
   1.3100000e+02   6.6000000e+01   1.0370000e+03  -3.5400000e-02
   1.2800000e+02   6.5000000e+01   1.0070000e+03   3.6600000e-02
   1.2500000e+02   6.3000000e+01   1.0140000e+03   2.2100000e-01
   1.2300000e+02   6.2000000e+01   1.0210000e+03  -3.9100000e-02
   1.2100000e+02   6.1000000e+01   1.0170000e+03  -4.7600000e-02
   1.1700000e+02   6.1000000e+01   9.8600000e+02   1.0010000e-01
   1.1700000e+02   6.0000000e+01   9.9800000e+02   1.1960000e-01
   1.1700000e+02   6.1000000e+01   9.8600000e+02  -6.2300000e-02
   1.1600000e+02   6.2000000e+01   9.6400000e+02   4.0300000e-02
   1.1600000e+02   6.2000000e+01   9.9100000e+02   1.9900000e-01
   1.1800000e+02   6.1000000e+01   1.0290000e+03  -6.2300000e-02
   1.1700000e+02   6.1000000e+01   1.0070000e+03  -9.2800000e-02
   1.1500000e+02   6.1000000e+01   1.0030000e+03   8.7900000e-02
   1.1500000e+02   5.9000000e+01   1.0090000e+03   1.1840000e-01
   1.1500000e+02   6.0000000e+01   9.7700000e+02  -7.4500000e-02
   1.1200000e+02   6.1000000e+01   9.5200000e+02   4.7600000e-02
   1.1400000e+02   6.0000000e+01   9.5800000e+02   3.0400000e-01
   1.1600000e+02   6.0000000e+01   9.9400000e+02  -4.4000000e-02
   1.1600000e+02   6.0000000e+01   9.6700000e+02  -1.1600000e-01
   1.1400000e+02   6.0000000e+01   9.7200000e+02   9.1600000e-02
   1.1500000e+02   5.8000000e+01   1.0060000e+03   6.4700000e-02
   1.1500000e+02   5.7000000e+01   9.8500000e+02  -1.0860000e-01
   1.1000000e+02   5.7000000e+01   9.7000000e+02   2.2000000e-02
   1.1100000e+02   5.8000000e+01   9.8900000e+02   1.3310000e-01
   1.1200000e+02   5.9000000e+01   9.9800000e+02  -7.9400000e-02
   1.1200000e+02   6.0000000e+01   9.7500000e+02  -3.4200000e-02
   1.1100000e+02   6.2000000e+01   9.7200000e+02   1.1350000e-01
   1.1500000e+02   6.1000000e+01   9.9200000e+02  -9.8000000e-03
   1.1400000e+02   6.1000000e+01   9.7800000e+02  -7.9400000e-02
   1.1200000e+02   6.1000000e+01   9.5900000e+02   8.9100000e-02
   1.1300000e+02   6.0000000e+01   9.7200000e+02   1.7940000e-01
   1.1400000e+02   6.0000000e+01   9.9400000e+02  -7.5700000e-02
   1.1300000e+02   6.1000000e+01   9.7800000e+02  -5.8600000e-02
   1.1300000e+02   6.2000000e+01   9.5500000e+02   1.0380000e-01
   1.1500000e+02   6.1000000e+01   1.0030000e+03   6.8400000e-02
   1.1600000e+02   6.0000000e+01   1.0050000e+03  -1.0620000e-01
   1.1400000e+02   6.0000000e+01   1.0190000e+03  -7.4500000e-02
   1.1300000e+02   5.9000000e+01   1.0020000e+03  -4.8800000e-02
   1.1000000e+02   6.1000000e+01   9.6500000e+02   8.4200000e-02
   1.1300000e+02   6.1000000e+01   9.8600000e+02   3.3200000e-01
   1.2000000e+02   6.1000000e+01   1.0140000e+03   4.9000000e-03
   1.2100000e+02   6.2000000e+01   1.0080000e+03  -7.9400000e-02
   1.1900000e+02   6.2000000e+01   9.7500000e+02   3.9100000e-02
   1.1800000e+02   6.0000000e+01   9.9300000e+02   2.3190000e-01
   1.1800000e+02   5.8000000e+01   1.0150000e+03  -4.6400000e-02
   1.1500000e+02   5.9000000e+01   9.7800000e+02  -7.9400000e-02
   1.1200000e+02   5.9000000e+01   9.5400000e+02   9.2800000e-02
   1.1300000e+02   5.9000000e+01   9.6200000e+02   1.1350000e-01
   1.1400000e+02   5.9000000e+01   9.6600000e+02  -8.4200000e-02
   1.1300000e+02   6.1000000e+01   9.4200000e+02  -3.6600000e-02
   1.1200000e+02   6.2000000e+01   9.1100000e+02   1.7210000e-01
   1.1500000e+02   6.1000000e+01   9.4300000e+02   4.6400000e-02
   1.1600000e+02   6.1000000e+01   9.6900000e+02  -8.7900000e-02
   1.1400000e+02   6.1000000e+01   9.3700000e+02  -5.1300000e-02
   1.1200000e+02   6.2000000e+01   9.1300000e+02   1.5870000e-01
   1.1300000e+02   6.0000000e+01   9.3400000e+02   2.1000000e-01
   1.1500000e+02   6.0000000e+01   9.5900000e+02  -9.8900000e-02
   1.1600000e+02   6.1000000e+01   9.4800000e+02  -4.7600000e-02
   1.1700000e+02   6.2000000e+01   9.4700000e+02   6.1000000e-02
   1.1800000e+02   6.0000000e+01   9.7000000e+02   1.1230000e-01
   1.1900000e+02   6.0000000e+01   9.4600000e+02  -6.7100000e-02
   1.1600000e+02   6.2000000e+01   9.2500000e+02   2.5600000e-02
   1.1600000e+02   6.5000000e+01   9.0100000e+02   2.5390000e-01
   1.1900000e+02   6.6000000e+01   9.3700000e+02   1.5900000e-02
   1.2100000e+02   6.7000000e+01   9.2900000e+02  -9.2800000e-02
   1.2000000e+02   6.8000000e+01   9.2500000e+02   7.9400000e-02
   1.2200000e+02   6.7000000e+01   9.4000000e+02   2.6860000e-01
   1.2500000e+02   6.6000000e+01   9.7400000e+02  -9.0300000e-02
   1.2500000e+02   6.6000000e+01   9.5200000e+02  -7.5700000e-02
   1.2400000e+02   6.3000000e+01   9.7500000e+02   1.5140000e-01
   1.2400000e+02   6.1000000e+01   1.0070000e+03  -5.9800000e-02
   1.2000000e+02   6.0000000e+01   9.8600000e+02  -9.2800000e-02
   1.1500000e+02   5.9000000e+01   9.6900000e+02   1.1350000e-01
   1.1500000e+02   5.7000000e+01   9.7500000e+02   9.8900000e-02
   1.1400000e+02   5.8000000e+01   9.6600000e+02  -1.0380000e-01
   1.1200000e+02   5.8000000e+01   9.4600000e+02   3.7000000e-03
   1.1100000e+02   6.0000000e+01   9.4400000e+02   1.9290000e-01
   1.1500000e+02   6.1000000e+01   9.5800000e+02  -6.9600000e-02
   1.1500000e+02   6.3000000e+01   9.2900000e+02  -6.5900000e-02
   1.1500000e+02   6.4000000e+01   9.1700000e+02   1.0990000e-01
   1.1700000e+02   6.4000000e+01   9.3000000e+02   9.8900000e-02
   1.1900000e+02   6.5000000e+01   9.3400000e+02  -7.4500000e-02
   1.2100000e+02   6.6000000e+01   9.3700000e+02   0.0000000e+00
   1.2300000e+02   6.6000000e+01   9.4400000e+02   1.5380000e-01
   1.2300000e+02   6.4000000e+01   9.9000000e+02  -7.2000000e-02
   1.2300000e+02   6.3000000e+01   9.7000000e+02  -5.1300000e-02
   1.1800000e+02   6.2000000e+01   9.7300000e+02   1.1110000e-01
   1.1800000e+02   5.8000000e+01   9.8700000e+02   1.4700000e-02
   1.1500000e+02   5.6000000e+01   9.9700000e+02  -7.8100000e-02
   1.1200000e+02   5.7000000e+01   9.6700000e+02   2.4000000e-03
   1.0900000e+02   5.5000000e+01   9.4900000e+02   1.4890000e-01
   1.1000000e+02   5.7000000e+01   9.3300000e+02  -4.9000000e-03
   1.1300000e+02   6.0000000e+01   8.8400000e+02  -1.6720000e-01
   1.1500000e+02   6.4000000e+01   8.4700000e+02   6.7100000e-02
   1.2000000e+02   6.5000000e+01   8.7000000e+02   1.7820000e-01
   1.2600000e+02   6.7000000e+01   9.0100000e+02  -9.6400000e-02
   1.2600000e+02   6.8000000e+01   8.7800000e+02  -6.2300000e-02
   1.2500000e+02   6.8000000e+01   8.9800000e+02   2.0390000e-01
   1.2800000e+02   6.8000000e+01   9.5300000e+02   8.5000000e-03
   1.2900000e+02   6.6000000e+01   9.9800000e+02  -1.0380000e-01
   1.2600000e+02   6.7000000e+01   9.4000000e+02   7.3200000e-02
   1.2400000e+02   6.5000000e+01   9.7000000e+02   2.1000000e-01
   1.2400000e+02   6.3000000e+01   9.7500000e+02  -9.5200000e-02
   1.2000000e+02   6.3000000e+01   9.6500000e+02  -6.5900000e-02
   1.1800000e+02   6.1000000e+01   9.2000000e+02   1.4040000e-01
   1.1600000e+02   6.0000000e+01   8.9700000e+02  -4.4000000e-02
   1.1400000e+02   5.7000000e+01   9.4300000e+02  -1.0250000e-01
   1.1000000e+02   5.8000000e+01   9.2700000e+02   9.8900000e-02
   1.1100000e+02   5.6000000e+01   9.5000000e+02   8.7900000e-02
   1.1100000e+02   5.6000000e+01   9.4600000e+02  -8.6700000e-02
   1.0900000e+02   5.7000000e+01   9.1100000e+02  -6.9600000e-02
   1.0700000e+02   5.9000000e+01   8.5500000e+02   1.8070000e-01
   1.0900000e+02   6.1000000e+01   8.2600000e+02   2.3800000e-01
   1.1100000e+02   6.3000000e+01   8.1500000e+02   1.5630000e-01
   1.1200000e+02   6.2000000e+01   8.5600000e+02  -7.9400000e-02
   1.1100000e+02   6.4000000e+01   8.3200000e+02  -4.1500000e-02
   1.1100000e+02   6.2000000e+01   8.8600000e+02   1.8190000e-01
   1.1500000e+02   5.9000000e+01   9.7900000e+02  -4.2700000e-02
   1.1400000e+02   5.8000000e+01   1.0160000e+03  -1.0130000e-01
   1.1100000e+02   5.8000000e+01   9.6800000e+02   3.9100000e-02
   1.1000000e+02   5.5000000e+01   1.0090000e+03   2.3200000e-02
   1.0900000e+02   5.4000000e+01   1.0050000e+03  -7.6900000e-02
   1.0700000e+02   5.5000000e+01   9.6800000e+02  -3.4200000e-02
   1.0500000e+02   5.9000000e+01   9.4000000e+02   1.8920000e-01
   1.1000000e+02   6.0000000e+01   9.5700000e+02   9.8900000e-02
   1.1200000e+02   6.0000000e+01   9.6300000e+02  -5.6100000e-02
   1.1200000e+02   6.3000000e+01   9.4500000e+02   1.2000000e-03
   1.1300000e+02   6.2000000e+01   9.5500000e+02   2.2830000e-01
   1.1500000e+02   6.0000000e+01   9.8300000e+02  -4.2700000e-02
   1.1400000e+02   6.2000000e+01   9.4700000e+02  -5.8600000e-02
